T[K],R[Ohm]
73.15,18.52
83.15,22.83
93.15,27.10
103.15,31.34
113.15,35.54
123.15,39.72
133.15,43.88
143.15,48.00
153.15,52.11
163.15,56.19
173.15,60.26
183.15,64.30
193.15,68.33
203.15,72.33
213.15,76.33
223.15,80.31
233.15,84.27
243.15,88.22
253.15,92.16
263.15,96.09
273.15,100.00
283.15,103.90
293.15,107.79
303.15,111.67
313.15,115.54
323.15,119.40
333.15,123.24
343.15,127.08
353.15,130.90
363.15,134.71
373.15,138.51
383.15,142.29
393.15,146.07
403.15,149.83
413.15,153.58
423.15,157.33
433.15,161.05
443.15,164.77
453.15,168.48
463.15,172.17
473.15,175.86
483.15,179.53
493.15,183.19
503.15,186.84
513.15,190.47
523.15,194.10
533.15,197.71
543.15,201.31
553.15,204.90
563.15,208.48
573.15,212.05
583.15,215.61
593.15,219.15
603.15,222.68
613.15,226.21
623.15,229.72
633.15,233.21
643.15,236.70
653.15,240.18
663.15,243.64
673.15,247.09
683.15,250.53
693.15,253.96
703.15,257.38
713.15,260.78
723.15,264.18
733.15,267.56
743.15,270.93
753.15,274.29
763.15,277.64
773.15,280.98
783.15,284.30
793.15,287.62
803.15,290.92
